325
510
724
437
152
319
279
260
340
94
137
33
73
30
304
438
241
179
680
365
335
230
149
408
529
645
305
251
756
580
388
23
582
340
274
691
742
606
750
233
615
381
684
554
628
85
787
527
782
275
785
349
81
419
393
116
437
424
40
788
623
636
438
717
471
612
647
545
517
686
657
24
21
714
504
544
105
610
516
767
558
792
532
343
150
410
620
788
708
4
522
469
391
307
727
372
445
513
344
724
313
610
100
646
448
122
560
568
589
120
486
507
660
563
277
111
323
192
353
461
516
685
91
400
63
125
43
193
188
737
489
510
199
591
236
199
108
129
122
740
738
364
285
470
4
731
407
633
474
72
748
626
726
439
318
571
122
719
22
360
759
438
510
213
625
552
140
750
30
243
88
346
589
529
430
165
739
483
255
169
128
231
210
664
64
438
248
201
510
285
573
284
339
789
346
268
92
385
72
592
186
324
719
237
242
220
476
380
565
671
433
307
90
304
54
499
486
766
525
238
430
634
3
370
19
690
66
279
493
111
772
577
35
711
707
177
597
608
491
654
285
98
592
236
522
344
92
599
44
163
193
574
110
250
524
126
380
1
90
778
454
421
453
116
797
466
631
123
667
625
768
433
159
770
514
679
85
529
200
151
52
632
247
525
225
529
349
52
626
662
582
441
652
280
78
670
781
728
624
541
582
580
637
694
96
17
73
407
704
754
703
744
549
531
788
272
461
564
57
487
568
293
458
312
612
123
291
690
343
620
19
781
443
140
616
628
228
101
170
626
589
396
452
669
769
486
188
634
437
759
612
491
82
674
393
732
592
354
169
166
606
451
290
413
511
318
485
669
494
304
200
172
610
182
219
267
396
38
211
415
221
557
450
214
197
705
8
344
150
386
387
108
615
146
1
739
212
717
406
677
3
391
41
439
641
129
233
454
427
104
733
243
457
394
120
730
308
213
11
576
441
174
405
344
725
651
182
402
32
14
65
98
646
94
15
776
432
323
720
1
34
318
637
554
93
195
681
684
228
724
694
168
348
315
355
511
621
771
3
479
645
19
329
294
156
489
223
660
754
143
406
81
564
413
440
56
253
363
665
159
665
624
556
580
709
28
370
85
82
494
653
476
521
467
18
517
136
540
765
622
42
698
63
10
5
153
498
305
13
22
653
424
22
702
530
72
695
389
453
782
425
736
600
95
750
383
225
757
15
362
429
714
702
23
13
31
186
709
303
170
689
25
392
571
192
178
429
745
213
715
128
637
245
716
647
218
570
685
121
616
564
201
50
444
433
251
486
581
279
311
146
182
365
583
46
651
570
256
94
474
101
737
392
695
667
424
96
739
624
305
126
178
28
491
401
120
70
665
77
336
607
610
576
137
69
117
643
13
200
572
172
526
42
92
160
304
223
359
325
141
659
350
405
393
235
166
462
179
67
485
711
564
439
537
29
407
477
406
428
661
560
154
633
763
680
527
588
187
420
284
251
204
521
232
481
799
452
108
557
287
11
116
311
36
194
274
653
52
378
574
588
278
147
238
522
469
98
142
48
141
686
797
198
309
533
388
774
424
139
659
18
690
354
633
65
404
389
159
436
276
30
34
423
133
440
44
515
622
798
750
241
121
674
348
329
634
698
69
264
26
741
749
320
767
620
456
553
442
483
405
213
652
142
693
194
533
192
8
584
795
447
354
594
116
612
46
73
177
734
63
428
391
214
143
412
634
269
662
468
487
321
713
245
783
270
236
351
60
50
117
29
593
777
255
567
146
439
359
394
493
292
199
181
547
513
269
42
471
9
567
453
466
290
237
536
625
259
666
516
172
656
104
421
515
32
24
421
678
479
283
432
289
464
176
519
323
650
155
78
74
292
126
576
557
491
406
738
262
143
20
21
217
318
758
709
517
456
706
254
230
194
478
287
196
742
271
6
59
567
332
651
136
418
671
73
77
255
696
119
130
632
589
756
728
545
177
193
587
645
591
616
387
385
516
538
295
489
727
151
799
425
22
70
676
71
238
133
486
163
134
634
793
128
665
391
669
508
238
700
681
539
470
615
692
610
289
454
607
447
29
349
194
518
588
163
273
215
480
151
491
443
790
560
32
460
557
178
508
84
769
732
307
14
680
414
619
169
233
775
769
523
692
349
665
242
641
294
37
278
9
355
369
458
123
125
265
1
60
695
616
493
286
419
382
674
476
368
765
281
367
193
640
369
336
633
119
593
491
51
372
424
476
782
300
692
328
357
650
161
250
28
118
234
729
150
541
59
163
164
317
151
297
664
655
661
454
791
466
677
348
269
560
689
589
603
111
30
595
779
758
754
252
772
473
687
6
89
548
61
115
123
96
519
169
47
676
251
681
282
604
437
105
217
654
149
464
654
591
748
686
116
673
790
310
435
775
770
249
687
135
749
607
379
570
587
516
651
115
231
269
455
137
3
582
123
707
184
218
427
799
737
110
356
479
659
378
366
401
36
325
573
474
685
572
423
446
458
526
144
558
702
71
65
686
691
647
55
258
287
735
151
404
642
103
223
165
172
639
216
462
443
256
647
81
226
285
643
289
326
220
2
235
66
267
524
255
106
192
48
703
684
370
437
674
82
653
40
517
132
374
437
592
619
188
689
321
272
759
564
55
579
0
356
316
792
364
268
207
715
261
491
78
772
103
617
29
790
724
325
21
1
213
777
716
183
526
223
604
604
285
317
659
134
750
27
759
772
126
454
52
635
554
204
611
332
307
408
664
625
592
568
264
518
784
281
789
676
779
116
728
360
515
162
714
243
764
459
591
458
533
764
767
446
739
567
210
6
73
388
776
8
21
134
498
311
601
360
0
533
197
758
392
602
350
583
496
397
669
440
24
367
70
405
455
55
611
304
656
407
797
276
192
638
695
498
135
23
551
666
97
79
785
583
288
436
417
497
568
24
133
678
486
85
741
402
478
298
32
314
176
740
324
521
149
376
201
674
28
684
203
724
620
469
355
331
757
315
161
131
215
601
263
760
558
193
165
89
569
797
76
250
229
783
113
777
379
697
513
408
515
633
539
281
20
780
303
200
281
564
657
258
257
180
601
211
770
216
506
557
235
785
572
52
37
670
793
407
6
230
721
665
50
98
43
749
77
120
328
768
706
545
101
560
73
364
781
443
792
316
376
626
681
652
133
428
548
659
655
407
73
611
271
41
60
267
461
788
653
668
420
376
418
712
722
499
580
166
664
308
99
274
564
45
263
210
729
742
52
52
680
525
696
307
653
203
629
120
632
755
550
60
246
436
367
780
363
302
101
549
270
321
791
63
706
608
632
358
269
133
362
99
438
190
681
730
128
229
209
717
573
109
492
381
49
24
764
400
197
422
738
14
387
615
40
549
565
498
753
301
405
14
507
518
656
781
590
605
732
249
164
270
594
230
629
451
554
775
29
794
243
349
332
260
331
746
587
106
769
740
646
42
4
37
154
640
680
318
732
224
693
556
227
383
171
195
51
241
182
647
103
300
681
57
602
684
634
430
178
337
443
796
426
130
752
141
347
660
754
438
6
710
447
450
448
388
443
615
122
363
711
186
204
364
572
798
350
586
484
503
83
317
502
221
210
345
396
428
274
40
66
440
769
436
205
670
273
737
662
182
544
247
658
676
674
61
255
718
237
768
573
424
257
148
550
779
210
178
203
644
243
287
493
520
1
173
213
101
233
730
785
468
567
86
363
171
540
195
775
751
795
21
88
486
656
728
672
362
797
497
643
218
499
541
518
523
89
149
682
411
124
723
95
550
787
78
230
177
526
289
71
4
251
203
75
213
468
431
151
799
168
667
518
690
36
165
642
579
382
114
287
484
318
208
628
175
202
483
471
252
396
253
691
337
642
38
648
441
97
60
608
205
167
403
9
47
508
317
276
374
580
677
265
356
132
566
293
147
142
664
113
365
522
538
96
731
131
267
645
213
652
354
782
601
205
318
33
311
238
264
177
776
670
181
509
414
448
455
261
23
659
18
714
683
797
220
1
293
723
574
52
303
39
615
181
197
303
256
320
268
110
714
652
219
353
131
557
407
648
776
521
765
399
565
628
441
567
167
683
115
582
258
746
137
232
750
714
759
769
92
475
51
592
519
665
501
385
470
302
147
175
349
420
203
467
643
37
602
174
351
369
554
240
284
443
616
258
571
257
338
150
87
742
79
296
739
525
57
529
304
180
278
425
139
139
101
502
163
175
19
693
264
488
173
324
367
411
719
233
274
140
27
579
724
500
742
107
290
347
556
582
565
531
452
170
244
657
301
362
599
583
712
96
6
2
608
54
703
702
260
338
503
417
341
475
504
763
730
140
8
472
305
692
554
639
704
454
510
234
105
196
419
450
348
260
669
758
231
668
82
88
41
79
622
468
356
211
454
78
176
542
473
695
492
462
434
587
143
370
427
139
477
664
524
114
405
691
433
565
263
328
425
124
483
694
251
24
44
575
675
256
684
567
569
652
33
41
722
13
341
704
705
519
107
633
790
236
117
610
774
534
355
783
683
416
629
249
418
225
210
147
370
103
17
459
460
524
597
792
686
663
181
422
770
18
729
60
676
516
673
38
768
362
383
484
185
342
5
14
71
164
153
66
184
309
389
204
726
394
490
624
233
639
565
375
84
577
650
244
762
13
637
498
323
455
575
540
474
212
757
200
558
84
261
225
120
703
490
431
636
571
390
229
296
311
727
135
409
328
546
214
125
93
556
26
500
224
72
331
368
620
170
155
27
198
570
259
599
185
325
201
128
114
397
523
430
724
192
107
471
633
646
118
241
711
532
530
245
42
445
516
607
115
72
92
466
237
541
30
728
375
761
333
519
483
66
21
191
203
116
213
528
266
505
232
505
510
183
271
43
728
387
444
12
797
339
509
55
125
17
387
640
429
300
655
277
131
713
152
673
558
150
571
746
79
319
799
506
440
697
99
314
671
604
711
634
350
110
340
366
43
698
713
787
79
320
419
175
773
710
455
597
402
492
79
360
219
444
624
759
199
128
292
775
146
398
312
494
522
511
372
347
554
93
98
628
337
314
381
791
350
797
216
34
554
120
295
557
322
693
142
181
480
15
613
660
485
540
164
652
341
456
561
163
335
29
195
647
583
126
625
626
225
531
732
297
556
703
182
95
473
429
654
535
375
649
410
742
141
427
447
215
659
173
639
136
301
158
351
529
196
336
84
581
611
203
42
465
779
644
689
33
275
520
36
418
384
627
503
770
253
637
412
435
151
788
402
687
344
261
779
374
190
403
345
658
87
746
244
412
794
461
650
55
453
459
643
409
431
752
144
362
554
728
48
294
695
479
351
796
325
84
251
633
231
44
115
543
497
210
207
782
79
636
278
357
642
729
128
129
88
390
121
4
135
768
175
657
581
755
664
212
519
753
674
127
212
31
88
142
294
329
718
172
188
662
714
175
126
406
623
638
719
759
391
306
552
759
300
442
727
404
659
57
307
704
53
363
314
624
28
261
553
147
454
697
567
159
121
120
174
582
132
755
743
264
237
378
130
259
380
197
671
550
3
561
636
419
424
33
715
706
785
518
782
786
619
26
626
474
247
614
549
590
18
420
214
157
639
286
264
135
658
533
50
492
700
734
566
480
78
327
444
283
140
375
618
748
529
787
546
269
664
572
632
753
621
374
494
794
689
708
271
264
388
431
132
556
530
294
342
186
413
446
673
509
34
443
48
772
75
551
59
378
48
702
506
659
235
525
389
675
375
655
490
617
612
790
9
8
25
363
47
245
550
717
621
780
678
53
277
798
333
90
209
262
20
784
576
153
158
236
493
475
421
322
781
494
230
719
469
453
134
211
182
246
768
342
182
782
364
747
76
735
301
113
184
180
470
470
380
422
58
119
187
615
336
259
461
795
447
542
412
390
620
352
30
736
573
477
559
261
616
640
266
522
733
656
132
298
716
181
389
542
469
659
355
459
715
469
605
276
419
69
241
336
415
152
283
247
689
743
43
535
206
311
34
515
145
570
776
682
329
591
556
453
225
228
729
458
265
284
434
606
550
779
714
232
595
702
130
608
497
375
384
262
787
54
40
46
735
20
410
121
193
137
199
672
146
525
337
394
480
251
447
508
251
402
58
48
668
565
486
318
81
210
704
694
649
96
561
16
249
705
748
571
41
263
234
722
382
691
159
621
612
120
664
243
631
382
500
620
526
323
284
501
133
444
64
13
102
505
208
716
275
166
372
52
467
525
232
223
55
57
631
152
679
630
658
485
45
84
557
514
606
651
119
329
704
632
661
525
125
197
249
423
451
294
644
103
468
640
245
300
145
132
620
526
606
377
384
536
146
120
346
180
734
784
588
767
279
490
241
635
482
424
737
131
763
390
241
441
65
642
198
731
289
247
52
309
542
517
311
784
378
77
141
711
164
792
654
90
382
631
329
763
777
485
412
198
783
425
335
78
141
440
142
722
187
407
641
143
122
190
298
47
569
280
475
191
643
358
689
222
712
451
785
561
454
450
797
339
149
84
370
586
716
327
225
85
179
648
73
225
102
200
718
315
34
284
120
128
239
478
394
48
170
593
220
416
494
610
472
79
511
587
142
144
658
337
692
774
604
493
222
431
342
647
534
23
266
701
599
205
284
484
556
498
344
774
448
590
212
489
641
796
97
721
535
6
596
411
379
139
11
778
181
61
702
127
214
327
676
481
718
43
31
412
619
650
101
37
336
61
43
348
269
544
80
362
448
750
388
458
744
424
244
356
450
302
242
276
163
464
549
393
144
94
426
202
604
764
486
659
543
657
585
125
336
543
768
411
287
781
600
672
753
735
650
190
729
39
295
42
368
245
673
540
656
682
147
498
339
522
174
83
419
16
674
81
125
699
645
744
743
678
515
99
42
182
642
669
270
396
80
293
81
506
139
667
612
690
461
280
130
58
82
10
526
156
168
444
8
122
178
116
427
159
472
53
230
688
303
5
533
673
481
201
27
388
184
333
222
252
428
640
63
495
774
635
277
282
176
482
709
95
444
99
768
506
238
540
665
561
774
57
705
713
46
571
705
757
476
500
244
106
4
334
670
526
446
651
396
174
623
487
201
591
151
282
635
572
342
282
184
478
603
350
680
714
779
285
56
531
362
276
280
33
521
294
690
26
333
126
551
380
120
656
744
652
342
765
686
233
453
437
726
218
770
343
221
166
492
404
115
514
407
434
799
100
464
620
751
535
616
598
154
103
31
95
53
220
46
335
206
708
528
528
328
617
558
169
467
546
134
676
167
164
279
113
669
441
332
196
586
585
578
282
473
405
632
505
100
163
242
85
399
563
234
718
129
719
83
407
415
129
651
754
39
415
189
214
294
674
752
627
726
245
624
204
280
392
567
674
618
67
695
722
773
152
359
245
789
113
199
582
533
361
529
416
615
663
638
485
782
580
722
283
712
253
614
784
107
709
304
447
410
770
497
331
291
439
731
648
89
82
444
409
554
732
331
499
220
430
142
673
456
163
390
161
659
776
375
460
165
431
632
274
72
259
659
387
607
246
794
299
672
118
455
629
656
735
653
496
121
778
128
687
746
98
638
553
75
55
153
513
316
716
258
705
41
10
595
415
620
728
728
194
479
450
795
733
284
374
75
345
467
302
265
626
39
103
591
792
677
720
285
213
162
638
97
686
720
540
226
99
509
96
74
336
73
313
589
150
577
324
442
340
733
382
413
110
626
404
430
208
372
246
218
332
556
234
267
95
50
60
247
81
40
211
66
571
658
351
561
131
53
687
76
547
555
351
335
488
0
654
334
630
429
237
738
585
494
755
116
182
162
78
196
688
703
405
662
134
399
216
538
649
267
761
727
524
18
531
756
580
422
792
515
335
675
90
393
465
253
351
654
793
469
407
798
706
119
393
729
533
403
73
477
588
246
135
206
401
645
289
384
357
342
792
641
285
618
575
549
71
779
272
686
746
382
282
664
11
36
661
223
204
179
373
718
207
620
476
645
376
217
42
198
720
101
752
60
38
599
35
616
688
12
11
329
655
529
571
295
496
730
283
189
239
162
480
129
790
319
446
304
100
417
756
27
40
167
197
552
172
381
7
103
591
566
596
242
43
739
94
671
501
205
736
741
706
148
367
201
166
708
527
356
536
497
674
690
210
176
155
122
277
209
785
181
553
540
591
573
1
583
648
115
477
49
615
717
73
254
261
90
419
720
148
243
378
510
504
768
562
787
629
740
3
550
420
583
97
786
287
94
407
529
28
664
13
634
214
263
232
627
390
490
272
789
593
243
13
379
379
249
235
454
185
764
380
465
772
177
188
363
201
745
112
502
158
258
712
667
559
201
131
552
374
554
498
648
105
87
757
125
365
145
673
508
745
213
3
356
469
486
62
253
17
243
304
458
274
676
402
10
503
711
95
240
282
369
172
285
322
147
629
375
565
731
409
648
618
611
667
502
700
411
202
634
91
334
186
767
413
755
465
217
114
243
318
160
629
401
547
647
94
123
115
445
756
268
534
416
384
347
138
408
60
227
708
247
683
592
436
715
386
451
390
158
36
578
485
619
619
607
250
572
354
35
306
388
368
343
605
246
558
47
723
449
538
660
113
520
68
108
321
546
293
583
504
11
496
585
216
773
1
431
22
239
113
704
758
319
364
433
242
31
121
213
154
482
664
736
21
2
171
438
37
535
395
660
169
437
667
730
188
643
185
532
538
179
401
228
771
771
140
398
152
495
357
736
2
241
540
731
19
87
228
226
484
158
535
702
317
432
553
43
147
760
25
227
139
94
580
357
157
3
788
642
244
26
182
196
529
769
426
730
751
91
115
708
738
588
717
248
89
240
446
783
514
664
485
208
620
162
79
278
232
404
393
256
137
596
368
661
234
359
708
785
111
164
59
369
419
276
433
791
512
265
637
410
366
728
703
462
674
84
22
747
296
457
302
733
187
401
758
231
785
246
656
436
404
101
129
732
395
619
456
15
247
79
236
705
537
139
685
82
337
360
29
664
449
726
168
300
80
517
334
558
42
163
753
22
516
146
137
472
702
68
309
307
2
150
333
598
456
262
371
271
636
339
487
658
439
624
505
386
361
324
505
607
217
289
715
236
771
446
631
795
640
563
28
408
388
689
453
591
256
156
403
91
551
359
217
523
238
42
455
403
13
417
30
429
226
356
515
778
532
190
303
537
117
365
34
753
321
534
311
191
547
162
467
199
375
664
119
633
202
56
21
370
317
82
288
684
329
769
188
419
540
359
372
484
161
357
746
308
478
599
585
634
503
203
630
586
80
668
773
751
271
271
328
628
480
521
674
656
658
555
58
332
799
43
395
81
585
496
568
563
447
714
733
788
575
267
288
246
85
326
646
737
546
258
579
173
184
603
585
301
737
502
577
56
799
639
312
277
47
289
656
2
327
769
184
417
382
279
86
704
587
105
480
99
549
390
746
720
233
476
185
87
442
119
662
188
451
407
95
131
312
716
663
182
283
305
670
694
282
66
731
27
789
443
373
362
765
238
417
82
376
481
278
387
289
66
412
364
77
7
387
655
392
422
208
707
382
622
114
421
309
321
627
477
535
14
682
776
174
399
461
583
264
604
419
131
283
41
695
155
577
195
73
653
4
515
127
189
309
460
793
292
405
743
514
759
759
152
642
467
765
732
561
130
414
609
325
141
682
163
716
415
420
191
757
17
302
277
265
151
35
511
279
582
509
744
365
224
214
747
291
702
460
137
49
344
478
326
768
660
19
513
286
41
442
526
779
303
427
530
209
454
141
507
16
799
241
761
503
42
91
668
463
765
768
683
241
509
523
798
24
12
506
25
241
272
358
646
399
220
32
526
347
477
182
531
680
131
244
301
708
586
8
127
331
36
670
533
790
708
42
701
657
426
420
191
106
518
556
345
708
299
111
476
619
369
451
253
258
614
172
89
57
755
385
72
91
583
328
28
99
130
30
22
558
256
243
101
107
224
754
413
527
719
574
208
70
502
407
651
580
125
188
144
601
442
747
107
66
410
100
339
668
747
587
511
116
100
684
322
378
49
601
356
52
734
623
479
303
447
311
595
560
603
200
358
424
83
553
508
678
722
500
558
582
370
119
618
487
744
788
679
315
398
743
131
759
780
8
92
554
450
422
263
683
403
116
304
138
369
512
46
617
34
446
354
36
524
291
332
363
610
781
746
432
715
704
558
155
235
395
283
92
176
777
188
120
123
740
161
516
233
724
183
784
798
228
290
410
109
469
505
771
389
669
351
159
219
775
601
326
240
670
465
199
672
324
678
220
359
316
686
793
591
552
201
510
794
268
387
780
168
593
101
692
6
358
153
139
115
289
408
538
144
739
721
433
580
410
697
92
681
288
234
429
374
320
602
601
618
153
88
415
146
187
356
482
439
334
364
216
391
49
31
444
158
480
528
62
464
207
105
58
406
148
265
37
499
705
220
131
290
622
309
470
62
501
650
337
13
503
492
139
682
284
674
175
750
632
225
432
762
745
682
794
675
444
736
644
90
143
580
481
407
561
559
725
514
454
299
357
413
711
462
583
689
550
181
153
692
782
249
557
20
41
624
258
131
284
706
302
286
365
518
247
315
549
281
1
47
592
251
385
282
0
518
48
400
690
779
188
452
360
331
600
83
277
718
532
490
344
452
519
244
576
406
296
100
173
616
477
316
599
205
522
280
616
103
235
666
260
570
477
371
649
43
662
202
369
186
213
588
436
601
84
240
459
744
218
5
143
591
749
443
384
631
452
267
194
421
475
292
673
788
64
307
533
174
74
782
704
70
425
61
660
693
664
453
595
592
591
594
174
482
373
577
462
171
339
776
81
181
100
514
108
302
328
506
144
199
440
435
455
616
275
625
125
493
311
552
635
226
364
448
206
150
154
161
518
287
91
641
123
650
682
615
746
508
410
731
702
459
740
236
649
626
665
381
113
629
566
173
136
689
405
129
115
286
223
241
748
229
447
492
547
568
82
648
415
658
539
330
450
173
371
206
651
281
669
500
341
95
535
135
733
115
45
459
193
207
456
514
355
370
132
763
525
212
639
25
494
260
300
507
194
577
520
493
368
49
164
714
494
769
128
107
191
634
313
145
476
540
730
203
112
506
526
324
252
562
213
45
764
486
692
386
769
508
199
220
381
270
306
627
126
399
533
557
433
59
253
71
40
570
183
350
278
145
608
410
182
324
665
345
684
460
566
20
419
209
180
208
598
196
682
707
650
508
281
512
504
75
125
449
41
508
198
688
282
107
672
690
318
704
301
496
227
714
437
196
12
692
692
380
126
743
401
686
407
508
399
537
760
572
61
275
35
694
680
532
415
732
592
670
248
442
343
8
100
755
342
741
160
314
394
214
441
779
460
329
487
292
638
331
84
99
736
497
634
765
195
447
681
503
85
148
456
645
763
82
52
221
637
269
324
151
154
272
684
579
732
678
416
775
487
299
496
724
395
688
178
484
665
453
670
338
275
646
82
277
347
293
790
282
653
80
314
606
265
574
539
517
264
123
324
730
80
77
273
739
258
35
623
127
689
121
320
383
621
42
666
447
637
243
367
32
556
96
103
291
474
661
681
707
274
59
793
656
380
293
667
292
265
126
21
547
76
688
467
788
584
83
36
662
676
497
130
385
92
50
111
571
369
777
90
371
0
506
321
93
47
582
689
458
708
53
776
3
240
606
540
323
297
598
436
271
245
370
148
754
546
731
54
505
306
14
404
423
276
780
674
278
750
581
535
427
502
732
45
628
320
342
62
577
401
389
78
29
659
204
488
391
705
398
224
113
706
119
728
724
178
454
62
398
444
21
627
249
196
7
294
393
0
237
734
258
71
181
407
148
642
368
387
596
447
319
82
696
388
409
588
238
32
90
635
569
509
75
102
682
114
139
536
535
277
407
704
570
334
187
241
713
166
213
9
557
510
386
622
257
668
359
532
137
704
670
412
780
245
27
663
144
644
90
744
305
290
39
71
29
329
234
1
751
580
717
445
390
643
395
409
609
655
534
179
345
375
357
389
699
681
601
327
640
605
618
792
395
683
402
375
31
221
118
427
250
382
301
163
722
114
750
440
459
607
250
174
402
713
547
313
505
188
632
285
174
706
334
205
538
116
236
277
84
685
51
403
287
699
296
544
423
558
384
557
83
179
231
136
519
186
236
254
378
498
365
410
782
599
410
108
465
258
8
677
207
575
309
638
754
700
115
56
471
93
212
414
686
236
752
102
782
749
469
23
658
752
171
229
212
256
258
439
773
728
763
202
390
789
593
622
294
167
34
686
536
321
189
781
47
112
362
76
313
40
368
392
630
281
583
384
532
640
59
116
457
763
569
648
619
469
409
392
239
511
616
295
124
287
657
288
555
674
392
669
30
717
83
437
698
369
245
623
514
29
343
613
433
109
565
709
116
608
579
753
2
232
762
230
344
283
548
729
757
390
223
701
47
608
529
642
17
60
584
215
754
441
556
752
18
404
708
674
179
445
482
235
722
679
396
623
512
760
520
606
34
256
707
433
705
327
286
50
303
639
597
603
375
441
301
535
95
755
378
678
765
207
138
796
115
702
274
232
296
27
306
305
165
661
199
412
712
228
750
427
584
701
208
480
519
448
14
256
589
111
458
626
454
377
303
486
730
212
31
722
452
520
791
248
210
424
768
516
121
636
277
560
753
506
396
42
404
756
579
750
623
554
297
269
194
0
422
303
698
618
7
148
520
195
202
150
670
318
546
426
37
467
392
326
158
123
382
188
627
375
225
324
505
170
394
600
357
616
545
121
712
294
0
16
296
400
479
558
316
505
512
628
387
365
601
143
770
99
794
27
600
174
506
616
512
19
547
442
259
116
22
426
23
651
796
746
568
370
458
422
480
31
464
742
678
238
190
144
17
566
147
682
408
797
708
637
631
327
646
277
687
714
248
484
27
445
47
135
171
751
287
97
63
563
579
355
674
409
394
685
448
88
638
462
5
328
562
710
691
652
263
557
255
524
27
589
681
256
207
138
23
489
595
66
781
378
464
400
554
19
753
362
322
238
111
682
499
594
504
777
391
645
603
295
550
95
563
264
788
377
622
216
14
452
152
591
252
22
777
496
340
32
743
587
427
251
793
482
56
96
458
137
39
758
438
7
759
710
244
249
721
395
320
565
581
390
740
267
67
398
162
520
658
451
481
244
400
387
497
668
743
534
380
234
168
132
556
176
359
263
115
67
467
475
26
36
336
785
746
314
787
35
241
539
665
2
753
426
516
747
587
729
756
472
387
112
222
82
336
6
619
644
194
396
367
171
752
553
131
362
126
480
642
730
71
430
669
191
141
495
156
245
218
448
626
137
721
255
219
772
566
622
597
450
119
471
664
225
726
521
530
405
244
417
547
24
667
68
755
511
648
520
171
712
499
531
759
654
412
27
181
287
404
588
186
421
5
360
290
65
799
776
305
758
576
577
171
609
223
386
45
70
118
346
486
69
9
662
53
76
695
616
96
230
540
675
238
81
160
675
290
781
672
777
404
144
247
228
77
791
360
459
95
695
587
775
544
210
242
558
161
388
246
586
687
125
67
216
580
457
28
459
107
395
237
337
687
616
716
142
158
224
682
420
703
279
603
148
749
497
320
574
367
573
365
101
630
456
380
334
722
210
238
678
561
62
89
259
725
770
18
707
49
671
184
529
640
106
667
326
194
553
519
779
563
185
81
381
10
492
60
170
139
656
616
439
9
586
345
100
636
610
543
295
26
88
487
341
182
404
221
575
626
379
124
57
193
382
148
598
286
716
215
687
418
167
672
258
710
532
416
183
470
652
198
222
558
112
779
180
84
377
599
101
113
173
179
747
589
237
524
596
550
620
256
322
13
731
201
459
605
159
131
1
377
387
508
460
512
777
55
147
464
380
156
538
404
258
288
358
235
749
236
603
375
624
45
6
766
751
279
214
193
495
726
421
695
492
403
533
773
170
448
694
476
515
480
740
559
670
54
717
367
513
712
271
581
509
719
544
139
392
158
487
615
360
525
8
293
43
513
318
80
212
185
320
397
560
536
422
52
614
106
644
492
364
180
245
770
246
189
755
166
714
691
483
738
335
443
78
311
324
409
137
758
109
343
502
567
231
566
291
346
61
431
560
120
787
165
175
548
736
553
772
260
696
456
76
742
231
629
249
289
186
271
347
233
184
334
91
302
334
496
417
754
231
186
21
485
218
397
354
351
605
199
759
441
280
659
647
424
340
430
80
87
19
791
376
32
505
530
436
198
775
248
99
114
648
223
278
40
229
482
243
550
275
781
527
473
364
39
728
187
667
187
405
13
145
773
549
108
212
566
772
659
631
388
236
238
357
721
184
598
311
727
420
45
5
45
784
312
793
56
227
500
415
432
460
438
152
77
164
579
142
47
496
585
578
455
418
152
545
614
510
737
245
671
378
105
728
571
511
777
291
666
45
646
260
769
506
648
142
420
571
665
682
528
603
700
364
661
776
391
608
47
557
318
739
497
442
301
526
749
288
226
77
97
728
293
431
193
579
405
597
156
620
737
589
590
10
607
408
67
738
172
519
451
137
289
37
62
518
302
558
52
246
694
253
353
169
454
482
196
554
51
691
523
797
143
793
189
640
616
491
451
691
669
249
180
436
318
735
27
292
703
761
583
165
504
597
719
37
604
67
128
532
84
554
164
560
472
596
209
482
137
106
779
673
270
698
567
117
72
244
669
246
404
404
440
499
285
538
94
654
156
502
519
292
269
286
412
107
591
514
93
340
119
758
782
399
529
654
159
142
565
713
215
258
706
36
700
385
154
591
578
105
89
381
206
799
306
469
613
464
488
677
405
281
551
598
288
353
573
282
449
515
536
546
573
746
316
300
295
502
609
474
783
443
775
94
712
200
215
177
596
485
88
451
303
725
491
524
341
571
419
193
657
537
772
451
195
628
343
81
492
403
391
221
153
774
571
28
42
324
656
599
446
588
146
223
509
653
24
317
545
737
121
71
34
404
206
495
413
291
262
598
320
191
608
189
500
400
552
380
616
598
497
491
662
747
651
189
308
389
98
621
793
663
179
401
745
663
395
11
223
602
285
319
695
123
768
318
213
571
163
352
373
739
782
49
112
261
534
546
103
448
476
640
559
641
452
162
602
423
429
795
542
607
785
208
644
110
282
516
367
717
703
462
774
654
474
716
704
541
136
81
75
226
380
569
185
483
64
734
680
775
137
131
204
757
757
557
636
442
228
210
405
73
592
585
15
572
75
257
122
473
756
526
20
49
789
670
426
770
444
297
296
411
659
359
543
607
542
315
594
515
721
269
797
530
267
694
739
721
659
212
243
540
14
253
277
238
90
753
342
192
715
72
750
553
447
682
746
227
383
157
443
78
308
697
443
462
452
312
759
592
168
169
61
234
139
35
195
223
225
119
401
162
673
30
493
530
673
209
161
164
236
88
203
767
579
634
193
640
205
787
638
765
348
419
46
711
798
291
530
712
348
211
528
652
755
751
570
317
236
384
665
6
730
302
86
793
368
243
260
331
604
43
366
445
228
488
121
150
348
258
437
684
320
107
709
610
148
160
201
779
534
603
292
173
381
613
655
448
496
10
761
405
613
197
601
628
500
282
754
797
696
2
193
464
66
641
390
201
345
243
717
259
242
229
568
93
327
193
203
249
663
545
243
609
603
4
19
421
384
670
77
511
710
233
458
312
628
762
198
227
533
463
795
38
83
324
296
58
654
484
317
232
153
732
326
595
690
620
754
788
796
439
478
352
763
474
227
295
171
313
185
725
541
597
6
635
686
538
776
168
678
532
58
208
554
129
646
79
319
738
711
519
252
619
58
324
106
250
65
481
187
4
307
36
451
107
100
68
472
523
300
299
2
660
22
86
350
338
135
697
245
296
73
191
436
284
116
399
680
587
376
651
503
701
584
306
286
659
582
421
259
349
136
519
406
296
612
701
9
501
94
693
488
612
170
34
279
335
543
741
520
371
219
328
245
265
365
517
95
308
547
67
580
786
144
416
151
181
761
202
351
108
93
551
621
282
351
532
123
360
209
138
478
118
447
509
680
364
149
575
285
239
781
34
47
496
25
90
504
510
393
512
723
379
186
211
24
652
412
504
594
298
701
515
607
310
247
238
643
554
467
614
41
266
377
197
632
249
662
729
493
647
296
580
283
616
392
733
187
224
276
563
594
507
88
338
542
441
312
766
444
262
349
476
377
296
346
304
594
529
474
33
587
629
585
473
457
309
123
41
77
569
92
617
77
285
468
540
16
610
86
786
421
741
7
167
448
749
38
72
531
286
92
406
582
714
672
36
754
39
711
763
639
668
423
412
120
533
263
261
264
214
773
141
563
459
707
649
787
286
462
177
14
162
461
733
528
333
35
520
138
770
320
151
423
524
42
179
391
326
516
753
90
503
408
307
122
508
774
392
293
254
41
206
150
514
290
248
575
351
420
10
230
234
187
609
505
301
57
752
14
726
127
229
763
587
580
41
270
412
5
423
459
625
457
612
705
226
592
428
487
101
119
718
408
66
523
637
7
675
296
151
769
359
44
739
702
630
636
211
323
654
467
681
88
667
547
726
1
198
169
125
571
196
82
791
724
623
131
527
231
275
202
45
308
766
287
528
280
26
374
148
557
247
291
20
352
353
42
9
459
785
35
368
207
576
71
777
48
213
697
252
45
767
435
502
26
95
332
401
636
605
67
625
224
315
363
363
248
294
595
192
83
168
177
423
120
603
330
457
703
696
224
486
364
46
121
245
585
398
136
552
606
546
634
398
464
478
671
17
435
526
50
480
397
463
231
360
489
251
209
123
277
700
557
562
152
161
462
398
467
110
453
794
51
13
141
429
240
707
49
428
678
606
763
492
141
618
665
213
279
771
494
482
549
516
658
580
454
254
103
263
334
68
57
172
207
707
689
245
342
111
87
639
612
665
257
393
39
445
28
788
149
119
405
675
325
501
293
193
265
584
407
449
524
180
151
128
132
263
441
136
20
6
227
110
673
35
376
283
143
43
194
519
567
604
379
737
39
755
505
139
566
195
371
642
450
738
628
412
232
317
90
618
703
524
75
733
146
608
630
485
728
217
385
596
370
789
148
288
160
514
417
8
96
500
175
270
740
145
578
227
431
298
552
288
172
485
610
592
426
341
781
555
344
459
76
253
25
230
180
326
484
421
692
602
156
381
798
200
518
583
790
344
108
209
407
270
781
564
188
139
350
485
530
274
673
197
87
40
289
755
206
276
455
450
67
583
380
325
789
341
636
678
549
289
691
22
218
471
343
94
718
210
545
500
88
62
105
362
758
631
605
129
471
369
189
763
387
561
407
621
488
280
794
275
386
32
473
221
357
735
94
487
714
649
392
359
244
338
98
703
606
176
65
179
387
255
570
532
329
414
350
475
202
310
116
209
257
635
369
747
686
683
182
691
230
628
549
33
474
594
225
680
225
118
354
429
645
354
306
179
551
560
135
18
656
563
701
774
598
469
399
195
647
319
530
485
468
183
111
166
701
163
602
457
149
749
403
404
274
351
249
378
563
461
422
758
718
465
299
340
693
50
776
681
388
222
136
547
362
630
407
218
338
745
193
614
77
408
681
554
637
505
322
47
0
664
750
427
55
151
144
128
114
117
752
33
219
589
683
111
251
597
595
226
77
647
298
322
253
605
439
694
251
725
131
723
610
532
627
790
480
167
418
78
642
292
377
560
254
783
238
589
508
409
151
353
33
162
233
738
505
671
209
249
576
151
398
205
78
327
426
26
669
5
531
577
344
546
378
313
353
521
518
611
767
68
278
219
3
765
82
138
693
2
588
729
480
98
569
512
630
756
134
28
65
150
568
574
584
563
164
256
730
318
392
243
570
635
548
181
6
317
184
446
326
138
476
409
238
314
118
207
144
734
699
638
705
94
261
649
102
91
749
682
315
723
38
291
191
674
534
17
480
453
753
289
62
507
659
29
383
196
570
255
335
75
254
390
145
672
174
294
358
446
73
538
600
459
213
341
484
30
735
438
547
154
431
313
499
25
103
713
518
68
505
180
135
62
610
536
36
513
519
377
604
256
778
596
615
11
457
269
220
721
499
133
259
0
168
200
248
712
76
2
504
317
487
305
716
571
188
726
463
548
324
421
733
101
326
700
442
54
54
49
283
640
519
4
597
538
46
659
385
652
725
747
521
596
504
604
754
230
671
742
293
110
537
368
27
209
81
279
229
49
752
163
470
336
399
277
45
652
470
733
194
777
662
169
716
236
128
727
333
163
352
715
316
418
601
508
108
424
542
648
573
64
170
392
735
707
381
511
383
251
52
204
432
387
36
798
151
266
18
391
274
182
690
201
549
420
474
301
227
302
161
691
150
710
570
324
748
63
391
131
798
235
124
770
349
510
50
16
155
497
676
496
532
355
105
549
151
410
654
201
404
519
239
509
228
71
210
411
592
358
705
39
255
639
386
740
63
286
788
258
623
518
264
693
454
78
58
514
132
486
42
370
372
599
412
617
570
680
136
144
575
798
670
686
53
475
378
277
649
135
127
153
261
652
84
604
703
27
600
420
577
332
451
718
437
130
570
635
77
301
718
264
141
137
658
92
630
228
791
219
783
765
519
152
785
72
282
263
496
46
55
623
225
497
459
510
685
269
415
407
753
249
249
263
78
397
626
86
51
254
463
504
549
453
126
195
521
477
655
731
14
139
428
168
794
408
663
649
335
698
607
546
377
369
542
401
86
749
593
703
259
588
149
753
96
769
666
638
447
336
423
123
14
438
203
82
573
38
763
50
14
430
76
543
602
248
15
362
346
588
36
187
792
307
380
586
722
726
47
686
743
581
566
717
162
563
7
594
417
703
459
508
33
653
701
242
231
659
705
245
333
240
254
110
263
438
249
167
337
264
336
598
183
127
80
659
448
71
756
362
440
166
378
780
537
476
291
96
405
101
551
535
195
316
243
637
579
442
385
459
271
572
113
314
33
290
233
114
475
148
38
736
279
319
606
6
75
605
436
492
248
499
55
596
624
627
600
523
1
322
454
732
610
84
327
190
89
19
149
366
711
95
370
439
497
719
458
781
556
245
356
122
675
192
68
208
40
155
768
348
149
371
93
444
158
470
389
103
181
598
743
490
472
684
780
660
347
58
241
135
334
713
166
462
76
177
353
526
511
311
288
373
594
144
282
687
597
644
480
216
551
142
85
460
35
672
775
441
105
483
777
54
583
219
14
653
324
649
484
339
298
203
171
153
302
606
336
635
124
676
491
661
163
672
657
694
763
445
727
556
686
142
644
159
522
689
401
26
98
781
95
771
123
763
277
12
218
321
149
258
424
664
474
451
31
239
593
557
787
360
464
401
384
609
695
326
363
173
738
601
120
577
584
610
328
11
531
466
141
155
796
105
12
262
130
37
716
63
615
340
673
518
103
106
400
445
86
622
95
309
53
719
187
40
273
692
100
479
632
528
345
787
536
148
540
464
406
639
513
694
104
305
536
569
144
125
309
265
181
316
376
236
607
286
190
518
111
412
163
539
345
297
338
555
191
423
556
700
619
501
400
54
8
550
620
583
670
301
129
38
328
372
652
533
116
524
470
736
278
639
186
131
649
129
174
231
3
517
112
748
212
300
14
227
539
88
754
178
101
31
456
731
99
410
238
278
550
317
663
570
346
193
219
283
316
445
447
237
378
180
412
678
69
775
303
34
213
459
412
512
346
437
256
650
698
242
690
434
523
211
20
183
239
6
348
199
487
576
633
318
214
726
677
589
563
682
102
86
170
386
0
595
16
629
539
215
352
95
428
44
311
532
482
155
136
177
400
491
733
238
786
224
108
335
605
613
273
538
232
228
141
35
593
465
539
162
781
39
107
390
592
106
157
36
629
204
443
743
43
107
371
43
348
599
496
773
762
529
372
218
328
15
148
48
451
125
624
545
460
733
397
267
114
111
465
69
576
171
187
45
449
171
348
700
235
550
22
666
207
631
143
782
636
444
594
654
586
730
290
693
618
126
700
114
263
63
232
349
88
735
251
356
550
15
397
484
757
18
242
307
208
90
310
442
533
783
442
33
410
334
38
578
27
750
522
543
162
701
53
271
305
745
17
19
206
27
57
615
300
254
567
692
722
62
254
35
330
427
737
108
40
188
431
780
20
240
108
565
279
15
429
287
734
80
143
188
270
84
756
202
260
591
27
609
775
7
635
716
493
212
700
756
359
8
785
184
41
520
118
729
474
312
483
530
148
789
426
421
601
796
467
623
562
232
16
350
133
505
607
57
787
335
733
189
458
565
1
361
110
27
668
335
799
508
203
299
647
639
566
239
738
600
169
253
266
334
140
366
383
600
736
175
399
288
249
203
743
681
115
323
726
173
146
123
282
703
474
782
778
48
583
33
127
461
202
757
384
165
769
726
265
679
658
272
534
106
292
482
529
743
185
299
694
769
396
448
256
261
387
703
530
236
593
382
644
509
139
637
359
175
740
378
87
141
744
35
188
370
241
101
349
371
554
67
642
220
381
707
3
658
347
707
723
216
616
777
163
653
639
503
436
83
138
381
765
75
598
649
181
27
374
473
317
625
247
497
749
225
539
72
25
778
693
605
576
375
703
199
657
66
603
778
667
51
453
261
655
102
433
552
692
266
134
66
519
741
534
313
492
309
345
563
469
689
389
465
366
718
12
508
419
702
146
535
15
179
330
500
418
130
556
162
333
610
468
708
365
371
698
381
18
315
714
584
395
427
64
420
176
97
66
780
44
295
57
36
5
344
44
527
713
547
475
414
790
520
438
739
645
447
440
419
212
216
291
746
48
125
313
761
732
403
692
410
480
159
387
84
208
198
353
378
375
749
755
477
641
447
670
642
322
45
163
78
678
239
345
254
566
169
517
660
260
297
439
523
659
460
196
715
229
416
252
216
642
548
712
773
739
268
98
454
216
385
240
547
412
69
702
328
147
340
311
505
508
38
448
771
441
17
433
142
280
11
176
462
638
716
300
313
495
658
436
563
124
767
306
325
105
797
775
492
442
450
323
493
281
718
385
166
423
561
157
704
349
298
83
545
61
458
470
157
250
246
105
717
384
555
221
472
418
220
744
45
670
472
222
115
271
391
719
599
15
658
701
677
263
194
311
306
500
224
695
438
504
412
533
663
730
137
230
576
58
518
117
304
406
120
315
303
178
594
446
668
263
119
228
97
395
214
274
168
536
51
325
135
540
167
748
438
733
542
96
546
102
638
1
218
435
775
175
134
661
438
66
23
738
163
582
793
412
779
694
581
220
328
307
500
507
315
418
494
285
172
640
128
186
8
706
12
682
202
749
219
237
212
622
653
500
796
24
624
367
356
600
751
692
417
86
98
585
509
362
579
270
152
153
737
202
105
555
13
112
707
169
722
45
531
376
737
657
773
461
330
184
390
140
168
84
36
225
467
473
145
122
761
36
743
95
614
585
709
623
735
695
567
280
303
426
85
339
665
270
770
121
492
586
756
774
404
304
83
489
397
96
122
645
275
532
763
455
213
523
543
35
551
309
715
654
343
568
574
754
727
221
215
370
697
314
339
762
281
701
595
225
468
49
669
638
598
16
537
260
497
614
572
508
489
445
1
605
749
394
179
491
704
532
7
553
629
348
550
476
281
173
233
541
458
450
381
282
294
334
742
299
62
780
127
524
745
195
639
475
181
790
567
112
632
678
152
116
292
708
626
639
441
598
408
18
213
581
607
46
455
289
580
335
737
338
589
168
587
156
295
764
755
13
175
278
195
615
429
70
267
357
187
569
445
203
739
51
88
590
166
492
92
157
665
740
700
75
137
740
466
58
127
83
300
454
159
369
100
395
138
788
269
51
260
764
233
576
336
597
56
434
663
265
426
598
263
319
118
76
184
628
515
115
522
756
547
307
170
789
192
6
563
465
558
516
497
318
480
41
577
107
215
229
309
25
149
385
564
339
208
169
253
716
770
90
715
404
93
456
212
86
283
588
428
241
723
234
743
433
680
91
604
137
91
539
773
208
65
400
546
629
176
757
285
192
562
195
680
262
60
379
2
456
185
722
665
553
415
569
330
426
739
136
676
612
776
327
426
33
786
697
727
504
473
677
571
547
441
290
772
222
710
446
184
127
701
11
414
428
790
327
253
221
694
390
316
687
0
638
361
706
203
527
661
80
15
493
380
75
217
331
578
689
606
6
633
206
172
267
608
175
572
422
165
670
484
104
394
351
169
115
453
294
337
582
258
306
246
768
484
458
535
562
392
435
233
102
618
267
426
454
65
517
758
426
613
353
82
354
337
743
358
60
259
544
680
498
577
82
403
19
214
54
471
556
153
23
426
339
302
648
443
624
230
354
199
169
2
218
101
456
117
348
380
106
103
102
244
775
757
354
617
794
118
673
700
396
569
241
485
321
298
443
419
318
179
539
531
468
543
93
351
14
442
752
13
436
436
106
536
666
196
792
317
488
169
256
44
6
588
789
318
483
225
502
581
354
300
420
575
226
161
93
68
649
196
250
351
140
110
673
346
29
209
40
785
498
787
295
297
238
470
536
313
366
760
174
678
338
758
143
525
389
459
496
698
171
311
427
565
295
698
479
764
390
736
293
459
331